2548
8624
4571
5821
6232
4166
5897
4307
2617
7976
201
4691
7426
3173
5425
7775
3739
9493
5561
1828
4533
4404
5210
2295
2773
2609
8546
351
6725
5122
7879
5082
5257
2961
9953
3830
4537
7474
6179
7694
501
1877
2146
8420
6228
4922
7945
764
3224
1061
8919
8741
7346
9750
479
4263
2202
6386
2875
7295
178
4053
619
3919
5713
6710
4121
5904
2088
9598
2823
8827
5260
7463
8555
2612
4603
5647
2580
6030
3068
3081
3870
6334
2261
8525
1984
2388
3523
6775
9444
2627
8681
1687
3468
3211
1892
9693
6365
1604
9271
261
1216
5960
5016
5078
1179
9422
8603
9883
2450
2536
205
3762
6942
5495
4659
418
1801
8369
9628
3446
5389
6638
188
583
4119
9479
6464
2237
1330
844
1858
6673
868
2510
8753
8366
7283
6771
912
1592
6906
2904
6162
3839
7126
5378
937
8299
8997
4834
2191
7797
833
5654
872
6536
7036
7714
84
392
3998
6928
6972
2720
6304
2745
3588
466
2733
1626
8243
4342
5096
291
4805
1090
7440
8113
5668
976
5799
5891
2995
3538
1167
5485
527
6360
409
9314
8870
9664
489
7351
9977
7152
4040
3496
3236
4216
2829
1080
6871
1866
634
7412
9255
7288
6810
7700
855
3164
5251
7247
8778
3369
434
3827
669
7116
840
3840
8516
4632
430
1429
1199
6180
9808
5845
925
3054
3619
5586
4929
4206
91
9115
8639
863
9692
4396
3109
6378
1741
3248
9140
4749
1413
13
6289
2754
8803
4159
5217
8165
1294
5085
5465
6152
3190
5446
53
1500
7100
5001
2258
3060
5058
6957
6140
1932
519
2662
8864
6628
2554
5616
1939
4777
1124
4657
3169
8231
4827
8055
5755
8121
7316
7687
2344
3557
3814
4865
1779
9599
1466
131
2989
2220
4402
9831
974
4461
2170
6229
1769
347
2017
2901
3135
6985
8399
4289
6462
9853
4020
1010
4019
8830
5602
3964
8018
2880
3478
9875
7905
2120
8427
5923
7617
7616
6024
3898
9624
6200
2934
6562
1334
6003
9227
6262
6913
4095
3971
8905
1099
4716
293
3175
5265
9471
233
8012
9233
305
9095
9581
3026
379
7276
421
1257
991
1162
1561
7608
5590
2906
6044
3657
1181
1898
1448
4696
8512
6109
3451
9991
6966
5214
8674
8073
2975
1291
6174
5633
7037
6856
2541
4995
6403
721
3525
4642
4599
6088
3810
9612
7368
5208
9981
5758
9905
8688
1097
1612
5741
9187
4809
490
9968
5305
3893
9753
3943
4713
4287
6579
2592
3084
1107
7724
2152
7791
3760
5744
443
816
2438
3421
2588
9356
6347
1283
6442
9138
7913
3214
9417
3553
6318
3776
2514
4731
3503
4785
7350
7729
5443
4918
5226
6132
6994
8649
8993
4560
9776
9743
5237
5114
9170
4745
5177
7873
4992
2658
983
3811
4758
1416
4187
9064
7029
5889
4979
3139
7218
6658
861
3298
785
8872
1491
112
4684
6585
2943
8701
4704
2520
9025
7305
8865
2390
4934
5111
6161
